1 0.5234375000000001 0.17968750000000006 0.3171875 0.17968750000000006 0.31718750000000007 1 0.5234375000000002 1
2 0.6531250000000001 0.6671875 0.5984375 0.6671875 0.5984375000000001 0.846875 0.6531250000000002 0.846875
2 0.70625 0.65625 0.6578125 0.65625 0.6578125000000001 0.846875 0.7062500000000002 0.846875
2 0.16562500000000008 0.6671875 0.11093750000000009 0.6671875 0.11093750000000009 0.846875 0.16562500000000008 0.846875
2 0.2875000000000001 0.68125 0.2218750000000001 0.68125 0.2218750000000001 0.8453125 0.2875000000000001 0.8453125
2 0.03593750000000009 0.6609375 8.094149938114538e-17 0.6609375 9.261391418551857e-17 0.8515625 0.0359375000000001 0.8515625
2 0.0984375000000001 0.65 0.04375000000000008 0.65 0.04375000000000009 0.8421875 0.09843750000000011 0.8421875
2 0.2171875000000001 0.6125 0.1843750000000001 0.6125 0.1843750000000001 0.65625 0.2171875000000001 0.65625
2 0.2765625000000001 0.615625 0.2390625000000001 0.615625 0.2390625000000001 0.659375 0.2765625000000001 0.659375
2 0.61875 0.6234375 0.58125 0.6234375 0.58125 0.65 0.61875 0.65
2 0.6921875 0.609375 0.6421875 0.609375 0.6421875 0.6421875 0.6921875 0.6421875
2 0.75 0.628125 0.7234375 0.628125 0.7234375 0.6937500000000001 0.75 0.6937500000000002
2 0.803125 0.6359375000000002 0.775 0.6359375000000002 0.775 0.6968750000000001 0.803125 0.6968750000000001
1 0.890625 0.5796875000000001 0.825 0.5796875000000001 0.825 0.7109375000000002 0.890625 0.7109375000000002
2 1 0.6390625000000002 0.9265625 0.6390625000000002 0.9265625 0.825 1 0.825